26
1.000000 1.000000 -1.000000
1.000000 -1.000000 -1.000000
-1.000000 -1.000000 -1.000000
-1.000000 1.000000 -1.000000
1.000000 0.999999 1.000000
0.999999 -1.000001 1.000000
-1.000000 -1.000000 1.000000
-1.000000 1.000000 1.000000
1.000000 -0.000000 -1.000000
0.000000 1.000000 -1.000000
1.000000 1.000000 0.000000
-0.000000 -1.000000 -1.000000
1.000000 -1.000000 0.000000
-1.000000 0.000000 -1.000000
-1.000000 -1.000000 0.000000
-1.000000 1.000000 0.000000
1.000000 -0.000001 1.000000
0.000000 1.000000 1.000000
-0.000001 -1.000000 1.000000
-1.000000 0.000000 1.000000
0.000000 0.000000 -1.000000
-0.000000 -0.000000 1.000000
1.000000 -0.000000 0.000000
-0.000000 -1.000000 0.000000
-1.000000 0.000000 0.000000
0.000000 1.000000 0.000000
2
0.000000 1.000000 
0.000000 1.000000 
0.000000 1.000000 
0.000000 1.000000 
1.000000 0.000000 
1.000000 0.000000 
1.000000 0.000000 
1.000000 0.000000 
0.000000 1.000000 
0.000000 1.000000 
0.500000 0.500000 
0.000000 1.000000 
0.500000 0.500000 
0.000000 1.000000 
0.500000 0.500000 
0.500000 0.500000 
1.000000 0.000000 
1.000000 0.000000 
1.000000 0.000000 
1.000000 0.000000 
0.000000 1.000000 
1.000000 0.000000 
0.500000 0.500000 
0.500000 0.500000 
0.500000 0.500000 
0.500000 0.500000 
